269,5
269,4
269,1
269,3
267,1
267,3
266,1
266,3
265,4
265,1
265,3
0,273
0,270
3,2
3,1
3,3
10,2
10,1
10,3
11,2
11,1
11,3
9,2
9,1
9,3
8,2
8,1
8,3
12,2
12,1
12,3
20,2
20,1
20,3
19,2
19,1
19,3
18,1
18,3
14,1
14,3
13,1
13,3
2,2
2,1
2,3
0,0
270,34
270,33
270,32
270,31
270,30
270,29
270,28
270,27
270,26
270,25
270,24
270,23
270,22
270,21
270,20
270,19
270,18
270,17
270,16
270,15
270,14
270,13
270,12
270,11
270,10
270,9
270,8
270,7
270,6
270,5
270,4
270,3
270,2
270,0
0,276
0,275
0,272
0,271
0,12
0,10
0,8
0,421
0,389
0,268
0,420
0,419
0,267
